Consumption_Country	domestic_trade	international_trade	total_trade	international_trade_proportion
USA	9715.26105102897	13171.1313752588	22886.3924262878	0.575500547658624
Japan	9119.8487155633	6665.21319037396	15785.0619059373	0.422248150187296
China	4602.04802832194	8779.41363552306	13381.461663845	0.656087791907211
India	11103.3974395487	1682.4443317242	12785.8417712729	0.13158651278669
Thailand	9610.96199822892	1196.19457288645	10807.1565711154	0.110685411561776
Indonesia	7947.7547179386	1276.73122373037	9224.48594166897	0.138406761287705
Australia	6427.51692226715	2033.10020744801	8460.61712971516	0.240301644227276
Taiwan	7015.86949251033	250.278144774027	7266.14763728436	0.034444406756861
Malaysia	5952.93735156674	1172.90285439044	7125.84020595718	0.164598534417022
Philippines	5508.40327665862	317.812516330741	5826.21579298936	0.0545487032445936
Singapore	4023.851635186	1483.11406851094	5506.96570369694	0.269316016897526
Mexico	4821.58487379458	661.212150772102	5482.79702456668	0.120597597870105
Brazil	3857.91410373338	1448.96585205104	5306.87995578442	0.27303535488337
France	1889.46216646675	3260.45996867493	5149.92213514168	0.633108595259418
Russia	2701.19528621528	2124.58710244019	4825.78238865547	0.44025754402741
Spain	2720.8927984396	1977.31337734032	4698.20617577992	0.420865603458129
Germany	819.367118071765	3840.62787880655	4659.99499687832	0.824169957559901
Ecuador	4542.69043844379	90.7719186125323	4633.46235705633	0.0195905160369535
Viet Nam	4254.88670691289	349.86364755407	4604.75035446696	0.0759788524072049
Mauritius	4401.69130472932	147.202962307259	4548.89426703658	0.0323601635179699
Italy	1924.87661272939	2502.69459844846	4427.57121117786	0.565252252099335
Colombia	4017.90905916225	359.435692789033	4377.34475195128	0.082112722016882
UK	997.750765460543	3252.47034996562	4250.22111542616	0.765247327523923
Peru	3819.35180013161	202.721638989635	4022.07343912125	0.0504022718774439
Kenya	3853.11744033545	125.575634528883	3978.69307486434	0.031562031090615
Iran	3609.58364830352	347.777132022195	3957.36078032572	0.0878810781547115
Venezuela	3468.31563760526	256.966615141369	3725.28225274663	0.0689790994902223
South Africa	2980.3376148548	445.586013630033	3425.92362848483	0.130063031739882
South Korea	935.48309115041	2296.60630916245	3232.08940031286	0.710563980359003
Canada	1746.02105266321	1391.62940906268	3137.65046172589	0.44352595231312
Turkey	2433.89097873773	648.011952986941	3081.90293172467	0.210263583033845
Hong Kong	312.727093663998	2701.20341879781	3013.93051246181	0.896239447999563
Israel	2770.75947714131	226.821146978065	2997.58062411938	0.0756680721622626
Saudi Arabia	1413.56630807556	1247.78468836937	2661.35099644493	0.468853860327397
Myanmar	2389.20314099733	3.44220127910376	2392.64534227643	0.00143865921884969
Madagascar	2282.87547252327	75.1461095446721	2358.02158206794	0.0318682874305036
Greece	2000.67319634836	357.229818957858	2357.90301530622	0.151503185940608
Tanzania	2128.05156285875	53.1755602508783	2181.22712310962	0.0243787360277593
Switzerland	1335.98835265264	827.480144627392	2163.46849728003	0.382478481044546
Mozambique	2117.00161040947	27.5626526605338	2144.56426307	0.012852332352623
Portugal	1722.17037993018	376.575664710253	2098.74604464043	0.179428885963557
Somalia	2059.02637409233	3.86275526601821	2062.88912935834	0.00187249775620259
Sudan	2008.44518023171	3.10286559350789	2011.54804582521	0.00154252621504498
Serbia	926.440846372396	1082.27097125258	2008.71181762498	0.538788571738587
Egypt	1719.98650328442	142.254089050926	1862.24059233535	0.0763886737494708
New Caledonia	1843.34637535177	12.423254349269	1855.76962970104	0.00669439468694739
Cambodia	1769.88328576367	38.2732376167551	1808.15652338043	0.0211669936323884
Chile	1548.13914579153	214.040791809559	1762.17993760109	0.121463641278847
Papua New Guinea	1723.79313921463	27.4748204350471	1751.26795964967	0.015688530292385
Eritrea	1704.96139855217	5.15918930340558	1710.12058785558	0.00301685702168816
Argentina	1436.53653505351	243.971238982864	1680.50777403638	0.14517709632302
Jordan	1547.82881491911	119.410972247832	1667.23978716694	0.0716219545424482
Kuwait	1373.46999695059	272.669171831571	1646.13916878216	0.165641627999956
Netherlands	532.102749390528	1081.6990239853	1613.80177337583	0.670279982232608
Sri Lanka	1460.79188404512	149.153699564748	1609.94558360986	0.0926451807335693
Seychelles	1464.0735888565	14.8710610363632	1478.94464989286	0.0100551843082434
DR Congo	1335.97860775236	138.888755334541	1474.8673630869	0.0941703361337162
Djibouti	1467.97504433896	4.92501997388899	1472.90006431285	0.00334375704993037
UAE	724.861748490483	746.34871008154	1471.21045857202	0.507302477176485
Poland	945.26013759803	461.289862327278	1406.54999992531	0.327958382106412
Romania	1228.73127224855	159.640868416056	1388.37214066461	0.114984206136286
Guyana	515.820824326016	836.593239877373	1352.41406420339	0.618592531696386
Ukraine	1050.93108254112	296.148807357065	1347.07988989819	0.219845021500134
Vanuatu	1327.81492771301	5.84545261505991	1333.66038032807	0.0043830143725361
Fiji	1302.5602187505	10.1352531975135	1312.69547194801	0.00772094778575949
Cameroon	1291.90557036549	18.6593860639259	1310.56495642941	0.0142376659564916
Austria	928.328312163241	362.760958587751	1291.08927075099	0.280972793133617
Panama	1096.79468503781	153.811240777373	1250.60592581518	0.122989374672213
Georgia	1206.21558815427	42.1214278740808	1248.33701602835	0.0337420322663285
Uganda	1058.06900207512	162.181540803984	1220.2505428791	0.132908394714848
Bolivia	1157.54111320432	25.1415490014479	1182.68266220577	0.021258068461541
Nigeria	973.669827310368	208.522539984435	1182.1923672948	0.176386302054711
Yemen	1095.90543711651	32.1971954796463	1128.10263259616	0.0285410161711522
Norway	672.961411025375	385.499396583997	1058.46080760937	0.364207530229373
Denmark	847.463686577976	200.764833579771	1048.22852015775	0.191527734381391
Uruguay	1009.94058711454	33.7332440428436	1043.67383115739	0.0323216344376815
Samoa	1032.62358961999	5.192576947622	1037.81616656762	0.00500336872260863
Montenegro	900.787515272386	135.090506213717	1035.8780214861	0.130411596164491
Honduras	937.022621025331	85.7799593452364	1022.80258037057	0.0838675625106047
Pakistan	934.851605880074	85.1698363581672	1020.02144223824	0.0834980842866189
Maldives	968.500451567583	19.7311326991767	988.231584266759	0.0199661020891339
Slovenia	913.275303268805	74.331959836185	987.60726310499	0.0752646954038074
Sweden	594.409080360085	384.970471927896	979.379552287981	0.39307587240161
Costa Rica	881.792525544763	86.4636715352535	968.256197080016	0.0892983404557629
Kazakhstan	862.728719512932	105.105582096614	967.834301609546	0.108598736293826
Albania	909.068996414542	32.6843668427318	941.753363257274	0.0347058668627265
Uzbekistan	830.585105010308	106.349360430613	936.934465440921	0.113507789875747
Croatia	818.531585724093	107.761552134529	926.293137858622	0.116336338606209
TFYR Macedonia	881.775357716717	34.1171080153435	915.89246573206	0.0372501241049889
Angola	733.155619055033	172.990635548718	906.146254603751	0.190908073249572
New Zealand	768.989716629498	131.19718375802	900.186900387518	0.14574438230721
Sierra Leone	874.683747439645	17.2694334294647	891.95318086911	0.0193613676142032
Belgium	380.387023990043	511.504581520334	891.891605510376	0.573505321005494
Nicaragua	822.149478347972	37.8186549013481	859.96813324932	0.0439768096504382
Paraguay	816.182132790796	29.2120529012755	845.394185692072	0.034554357476875
Slovakia	716.124537451193	124.894831250422	841.019368701614	0.148504108107804
Bangladesh	711.922642057762	109.069778818637	820.992420876399	0.132851139724538
Guatemala	700.780252633616	111.725174892694	812.50542752631	0.137506989009099
Ghana	781.243416566402	28.624022025615	809.867438592017	0.0353440830704082
French Polynesia	787.562058762647	13.5105391275138	801.072597890161	0.0168655614523545
Czech Republic	602.809686516412	197.271363176405	800.081049692817	0.246564224027235
Iraq	669.419241215102	129.291525389999	798.710766605102	0.16187527550123
Laos	740.518718381412	16.4885879689828	757.007306350395	0.0217812798247296
Dominican Republic	699.436318768188	50.4160717763007	749.852390544489	0.0672346616641338
Ireland	405.513564243913	341.471103132702	746.984667376615	0.457132680289058
Bosnia and Herzegovina	701.293746760115	40.6938541624695	741.987600922585	0.0548443856903686
Cuba	700.539663521573	39.562458159402	740.102121680975	0.0534554043292631
Guinea	724.989758453332	12.9366878224537	737.926446275786	0.0175311345564905
Haiti	717.791881149635	7.77456365246326	725.566444802098	0.0107151642804868
Hungary	626.296045885421	94.3221888532862	720.618234738708	0.130890649592689
Finland	540.758433325216	174.314017244615	715.072450569831	0.24377112711545
Oman	602.071825793013	98.4731331653893	700.544958958402	0.140566471724817
Benin	666.938915797509	27.5407000053674	694.479615802877	0.0396565995296032
Algeria	623.372716391459	69.520884970203	692.893601361662	0.100334141971555
Gabon	657.971076519229	21.4216659395024	679.392742458731	0.0315306075569444
Jamaica	636.247156162746	31.7892095036805	668.036365666427	0.0475860464152544
Rwanda	584.538902826607	69.2089584926143	653.747861319222	0.105864909986788
Gambia	631.80464489013	4.02344325464219	635.828088144772	0.00632787907558763
Lithuania	553.872943321243	81.6785645680502	635.551507889293	0.128516042451555
Morocco	584.042233757675	47.2485300041735	631.290763761848	0.0748443232760456
Kyrgyzstan	580.251389016397	40.1671992596239	620.418588276021	0.0647420951252249
Qatar	548.656041944399	61.6919171651825	610.347959109582	0.101076633819146
Lebanon	506.81896782387	94.5061486773193	601.32511650119	0.15716314865942
Zambia	553.376863135956	42.1279874332249	595.504850569181	0.0707433153448862
Syria	549.457628571428	34.0928556127474	583.550484184176	0.0584231468172122
Latvia	536.444947660901	42.6482388777658	579.093186538666	0.0736465906854841
Bahrain	560.067917030305	17.8516081413254	577.91952517163	0.0308894359228023
Togo	548.009533184581	20.3994341585785	568.408967343159	0.0358886564614365
Bulgaria	521.921525442041	45.6084918016568	567.530017243698	0.0803631357212819
Nepal	521.897782273591	43.3852851372212	565.283067410812	0.0767496633782797
Senegal	539.189818164334	22.6226798584685	561.812498022802	0.0402673132728177
El Salvador	420.499024333432	141.280402666889	561.779427000321	0.251487320248216
Cote dIvoire	546.241956767626	12.4390387646854	558.680995532311	0.0222650114540472
Congo	530.751528692432	21.0076833786443	551.759212071076	0.0380740056877168
Mali	520.045567695051	26.1257857596502	546.171353454702	0.0478344123952978
Bahamas	525.945579720661	15.3701306413859	541.315710362047	0.028394022835779
Malta	516.620047625154	19.0852225217968	535.705270146951	0.0356263482652719
Botswana	471.279898174107	54.5053678145632	525.78526598867	0.103664692299951
Central African Republic	494.820417798124	5.66004215925932	500.480459957384	0.0113092170666189
Burundi	483.897254425101	13.5470718080178	497.444326233119	0.0272333426950561
Tunisia	442.758229792118	49.6705452930182	492.428775085136	0.100868486583528
Antigua	485.820139247924	5.58484401274472	491.404983260669	0.0113650536787133
Bhutan	461.517234635539	21.2312648724765	482.748499508016	0.0439799707179078
Belize	459.860331424512	4.55623263865709	464.416564063169	0.00981065920387233
Burkina Faso	414.352066635154	49.345557494089	463.697624129243	0.106417533595849
Namibia	426.289639137685	34.9048573914915	461.194496529177	0.0756835947830599
Malawi	414.265992244706	41.5346465129405	455.800638757646	0.091124590404589
Armenia	434.004549889825	20.7059390963987	454.710488986224	0.0455365328003814
Cyprus	418.572048812173	35.0723232971504	453.644372109324	0.0773123738625338
Azerbaijan	415.072259242646	34.6283844076097	449.700643650256	0.0770031906704165
South Sudan	441.602149487473	4.01943088136613	445.621580368839	0.00901982995984904
Niger	415.200426527299	26.8311854889616	442.031612016261	0.0606996983011582
Liberia	427.903753043152	6.97624963428825	434.880002677441	0.0160417807011988
Brunei	384.869218184613	47.6497105257586	432.518928710371	0.110167919512411
Estonia	404.422164243646	27.339167105034	431.76133134868	0.0633200917266849
Gaza Strip	379.669594991021	52.0645925709978	431.734187562019	0.120594092548019
Afghanistan	385.712657976896	30.3544300701469	416.067088047042	0.0729556144722384
Barbados	392.517261773348	8.63760049361736	401.154862266965	0.0215318354732271
Chad	378.230136524886	7.91176848765463	386.141905012541	0.0204892770894619
Bermuda	376.081238122657	8.39267878048122	384.473916903138	0.0218289938835971
British Virgin Islands	376.228687037714	4.60442969296128	380.833116730675	0.0120904130724995
Libya	336.1213524919	36.8711271593347	372.992479651235	0.0988521998990728
Turkmenistan	301.181836274453	68.7244789721444	369.906315246597	0.18578887718186
Greenland	321.770273464732	7.49161436408758	329.261887828819	0.0227527528724564
Swaziland	299.360085481778	23.3047348354012	322.664820317179	0.0722258311658912
Lesotho	272.46339464467	42.5384376309812	315.001832275651	0.13504187364141
Zimbabwe	274.129934272729	37.4730924554169	311.603026728146	0.120259077226839
Cape Verde	301.610738600604	6.58170358464122	308.192442185245	0.021355824101245
Suriname	291.043084900826	13.5010497355834	304.54413463641	0.0443319972381082
Mauritania	274.493318561465	23.067815836519	297.561134397984	0.0775229462785491
Luxembourg	181.004981353879	108.829296406358	289.834277760237	0.375488010760364
North Korea	268.877736388706	4.2186258463189	273.096362235025	0.0154473893822444
Liechtenstein	265.814957605675	6.14966448117048	271.964622086845	0.0226120016419148
Tajikistan	227.312340154313	39.2374726058915	266.549812760204	0.147205027831667
Mongolia	250.528057029471	14.011111763306	264.539168792777	0.0529642238888313
Trinidad and Tobago	185.650925373659	25.7392255077139	211.390150881372	0.121761706495768
Andorra	188.927970107645	4.56872427929193	193.496694386937	0.0236113815472001
Sao Tome and Principe	183.154279165901	4.35148358996958	187.505762755871	0.023207199213579
Monaco	138.905861161649	7.29558019712567	146.201441358775	0.0499008773738591
Moldova	138.462903156877	4.57019860297441	143.033101759851	0.0319520345063038
Aruba	95.1380175864324	10.9984991978854	106.136516784318	0.103625967113992
Iceland	87.2202105969191	10.1292760269716	97.3494866238907	0.10405063630285
San Marino	40.758462054655	53.1933163031936	93.9517783578485	0.566176790188984
Macao SAR	41.132610168308	24.7343337386847	65.8669439069927	0.375519680609605
Ethiopia	2.27649767603725	21.6149241225794	23.8914217986166	0.904714851412943
Netherlands Antilles	0	16.8677086113021	16.8677086113021	1
Belarus	7.16019492968917	7.2183684213087	14.3785633509979	0.502022924342281
Cayman Islands	0	2.85204588249326	2.85204588249326	1
Former USSR	0	1.76446768920869	1.76446768920869	1
